1006	1003	108.1487	100.1062	1135.396	2.400	1.476 TRONO	TR
1001	1007	86.5094	100.4762	1384.609	2.400	1.480	CAMPO	CA
1001	1002	98.5718	100.6256	463.241	2.400	1.48	CAMPO	CA
1007	1001	318.5586	99.4554	1384.609	2.400	1.488	REJA	RE
1007	1002	312.6027	99.6307	933.768	2.400	1.488	REJA	RE
1007	1005	266.3794	102.7499	246.361	2.400	1.488	REJA	RE
1002	1007	182.0098	100.2521	933.768	2.4	1.465	LOCURA	LO
1002	1005	195.6859	101.2622	767.19	2.400	1.465	LOCURA	LO
1002	1008	215.4310	100.6391	992.493	2.400	1.465	LOCURA	LO
1002	1009	239.9158	100.0121	1344.020	2.400	1.465	LOCURA	LO
1002	1004	114.0035	100.5637	490.103	2.400	1.465	LOCURA	LO
1002	1003	54.8574	100.2413	692.618	2.400	1.465	LOCURA	LO